%YAML:1.0
---
model_type: PINHOLE
camera_name: camera
image_width: 640
image_height: 480
distortion_parameters:
   k1: 0.0
   k2: 0.0
   p1: 0.0
   p2: 0.0
projection_parameters:
   fx: 612.6773071289062
   fy: 612.2407836914062
   cx: 321.3153076171875
   cy: 236.80836486816406
